date,entries,sumTotal,vaccine,geoRegion,type,type_variant,data_completeness,version
2021-01-27,0,0,all,CHFL,COVID19Cases,vaccine,limited,2021-09-23_07-57-56
2021-01-28,0,0,all,CHFL,COVID19Cases,vaccine,limited,2021-09-23_07-57-56
2021-01-29,0,0,all,CHFL,COVID19Cases,vaccine,limited,2021-09-23_07-57-56
2021-01-30,0,0,all,CHFL,COVID19Cases,vaccine,limited,2021-09-23_07-57-56
2021-01-31,0,0,all,CHFL,COVID19Cases,vaccine,limited,2021-09-23_07-57-56
2021-02-01,0,0,all,CHFL,COVID19Cases,vaccine,limited,2021-09-23_07-57-56
2021-02-02,0,0,all,CHFL,COVID19Cases,vaccine,limited,2021-09-23_07-57-56
2021-02-03,0,0,all,CHFL,COVID19Cases,vaccine,limited,2021-09-23_07-57-56
2021-02-04,0,0,all,CHFL,COVID19Cases,vaccine,limited,2021-09-23_07-57-56
2021-02-05,0,0,all,CHFL,COVID19Cases,vaccine,limited,2021-09-23_07-57-56
2021-02-06,0,0,all,CHFL,COVID19Cases,vaccine,limited,2021-09-23_07-57-56
2021-02-07,0,0,all,CHFL,COVID19Cases,vaccine,limited,2021-09-23_07-57-56
2021-02-08,0,0,all,CHFL,COVID19Cases,vaccine,limited,2021-09-23_07-57-56
2021-02-09,0,0,all,CHFL,COVID19Cases,vaccine,limited,2021-09-23_07-57-56
2021-02-10,0,0,all,CHFL,COVID19Cases,vaccine,limited,2021-09-23_07-57-56
2021-02-11,0,0,all,CHFL,COVID19Cases,vaccine,limited,2021-09-23_07-57-56
2021-02-12,0,0,all,CHFL,COVID19Cases,vaccine,limited,2021-09-23_07-57-56
2021-02-13,0,0,all,CHFL,COVID19Cases,vaccine,limited,2021-09-23_07-57-56
2021-02-14,0,0,all,CHFL,COVID19Cases,vaccine,limited,2021-09-23_07-57-56
2021-02-15,0,0,all,CHFL,COVID19Cases,vaccine,limited,2021-09-23_07-57-56
2021-02-16,0,0,all,CHFL,COVID19Cases,vaccine,limited,2021-09-23_07-57-56
2021-02-17,0,0,all,CHFL,COVID19Cases,vaccine,limited,2021-09-23_07-57-56
2021-02-18,0,0,all,CHFL,COVID19Cases,vaccine,limited,2021-09-23_07-57-56
2021-02-19,0,0,all,CHFL,COVID19Cases,vaccine,limited,2021-09-23_07-57-56
2021-02-20,1,1,all,CHFL,COVID19Cases,vaccine,limited,2021-09-23_07-57-56
2021-02-21,0,1,all,CHFL,COVID19Cases,vaccine,limited,2021-09-23_07-57-56
2021-02-22,0,1,all,CHFL,COVID19Cases,vaccine,limited,2021-09-23_07-57-56
2021-02-23,0,1,all,CHFL,COVID19Cases,vaccine,limited,2021-09-23_07-57-56
2021-02-24,0,1,all,CHFL,COVID19Cases,vaccine,limited,2021-09-23_07-57-56
2021-02-25,2,3,all,CHFL,COVID19Cases,vaccine,limited,2021-09-23_07-57-56
2021-02-26,2,5,all,CHFL,COVID19Cases,vaccine,limited,2021-09-23_07-57-56
2021-02-27,0,5,all,CHFL,COVID19Cases,vaccine,limited,2021-09-23_07-57-56
2021-02-28,0,5,all,CHFL,COVID19Cases,vaccine,limited,2021-09-23_07-57-56
2021-03-01,0,5,all,CHFL,COVID19Cases,vaccine,limited,2021-09-23_07-57-56
2021-03-02,0,5,all,CHFL,COVID19Cases,vaccine,limited,2021-09-23_07-57-56
2021-03-03,0,5,all,CHFL,COVID19Cases,vaccine,limited,2021-09-23_07-57-56
2021-03-04,1,6,all,CHFL,COVID19Cases,vaccine,limited,2021-09-23_07-57-56
2021-03-05,0,6,all,CHFL,COVID19Cases,vaccine,limited,2021-09-23_07-57-56
2021-03-06,0,6,all,CHFL,COVID19Cases,vaccine,limited,2021-09-23_07-57-56
2021-03-07,0,6,all,CHFL,COVID19Cases,vaccine,limited,2021-09-23_07-57-56
2021-03-08,2,8,all,CHFL,COVID19Cases,vaccine,limited,2021-09-23_07-57-56
2021-03-09,1,9,all,CHFL,COVID19Cases,vaccine,limited,2021-09-23_07-57-56
2021-03-10,2,11,all,CHFL,COVID19Cases,vaccine,limited,2021-09-23_07-57-56
2021-03-11,0,11,all,CHFL,COVID19Cases,vaccine,limited,2021-09-23_07-57-56
2021-03-12,0,11,all,CHFL,COVID19Cases,vaccine,limited,2021-09-23_07-57-56
2021-03-13,0,11,all,CHFL,COVID19Cases,vaccine,limited,2021-09-23_07-57-56
2021-03-14,0,11,all,CHFL,COVID19Cases,vaccine,limited,2021-09-23_07-57-56
2021-03-15,0,11,all,CHFL,COVID19Cases,vaccine,limited,2021-09-23_07-57-56
2021-03-16,2,13,all,CHFL,COVID19Cases,vaccine,limited,2021-09-23_07-57-56
2021-03-17,5,18,all,CHFL,COVID19Cases,vaccine,limited,2021-09-23_07-57-56
2021-03-18,1,19,all,CHFL,COVID19Cases,vaccine,limited,2021-09-23_07-57-56
2021-03-19,5,24,all,CHFL,COVID19Cases,vaccine,limited,2021-09-23_07-57-56
2021-03-20,0,24,all,CHFL,COVID19Cases,vaccine,limited,2021-09-23_07-57-56
2021-03-21,2,26,all,CHFL,COVID19Cases,vaccine,limited,2021-09-23_07-57-56
2021-03-22,5,31,all,CHFL,COVID19Cases,vaccine,limited,2021-09-23_07-57-56
2021-03-23,3,34,all,CHFL,COVID19Cases,vaccine,limited,2021-09-23_07-57-56
2021-03-24,2,36,all,CHFL,COVID19Cases,vaccine,limited,2021-09-23_07-57-56
2021-03-25,2,38,all,CHFL,COVID19Cases,vaccine,limited,2021-09-23_07-57-56
2021-03-26,0,38,all,CHFL,COVID19Cases,vaccine,limited,2021-09-23_07-57-56
2021-03-27,0,38,all,CHFL,COVID19Cases,vaccine,limited,2021-09-23_07-57-56
2021-03-28,0,38,all,CHFL,COVID19Cases,vaccine,limited,2021-09-23_07-57-56
2021-03-29,3,41,all,CHFL,COVID19Cases,vaccine,limited,2021-09-23_07-57-56
2021-03-30,3,44,all,CHFL,COVID19Cases,vaccine,limited,2021-09-23_07-57-56
2021-03-31,7,51,all,CHFL,COVID19Cases,vaccine,limited,2021-09-23_07-57-56
2021-04-01,5,56,all,CHFL,COVID19Cases,vaccine,limited,2021-09-23_07-57-56
2021-04-02,1,57,all,CHFL,COVID19Cases,vaccine,limited,2021-09-23_07-57-56
2021-04-03,1,58,all,CHFL,COVID19Cases,vaccine,limited,2021-09-23_07-57-56
2021-04-04,2,60,all,CHFL,COVID19Cases,vaccine,limited,2021-09-23_07-57-56
2021-04-05,4,64,all,CHFL,COVID19Cases,vaccine,limited,2021-09-23_07-57-56
2021-04-06,5,69,all,CHFL,COVID19Cases,vaccine,limited,2021-09-23_07-57-56
2021-04-07,6,75,all,CHFL,COVID19Cases,vaccine,limited,2021-09-23_07-57-56
2021-04-08,4,79,all,CHFL,COVID19Cases,vaccine,limited,2021-09-23_07-57-56
2021-04-09,3,82,all,CHFL,COVID19Cases,vaccine,limited,2021-09-23_07-57-56
2021-04-10,3,85,all,CHFL,COVID19Cases,vaccine,limited,2021-09-23_07-57-56
2021-04-11,1,86,all,CHFL,COVID19Cases,vaccine,limited,2021-09-23_07-57-56
2021-04-12,2,88,all,CHFL,COVID19Cases,vaccine,limited,2021-09-23_07-57-56
2021-04-13,5,93,all,CHFL,COVID19Cases,vaccine,limited,2021-09-23_07-57-56
2021-04-14,3,96,all,CHFL,COVID19Cases,vaccine,limited,2021-09-23_07-57-56
2021-04-15,3,99,all,CHFL,COVID19Cases,vaccine,limited,2021-09-23_07-57-56
2021-04-16,5,104,all,CHFL,COVID19Cases,vaccine,limited,2021-09-23_07-57-56
2021-04-17,5,109,all,CHFL,COVID19Cases,vaccine,limited,2021-09-23_07-57-56
2021-04-18,1,110,all,CHFL,COVID19Cases,vaccine,limited,2021-09-23_07-57-56
2021-04-19,6,116,all,CHFL,COVID19Cases,vaccine,limited,2021-09-23_07-57-56
2021-04-20,5,121,all,CHFL,COVID19Cases,vaccine,limited,2021-09-23_07-57-56
2021-04-21,5,126,all,CHFL,COVID19Cases,vaccine,limited,2021-09-23_07-57-56
2021-04-22,1,127,all,CHFL,COVID19Cases,vaccine,limited,2021-09-23_07-57-56
2021-04-23,3,130,all,CHFL,COVID19Cases,vaccine,limited,2021-09-23_07-57-56
2021-04-24,1,131,all,CHFL,COVID19Cases,vaccine,limited,2021-09-23_07-57-56
2021-04-25,3,134,all,CHFL,COVID19Cases,vaccine,limited,2021-09-23_07-57-56
2021-04-26,7,141,all,CHFL,COVID19Cases,vaccine,limited,2021-09-23_07-57-56
2021-04-27,7,148,all,CHFL,COVID19Cases,vaccine,limited,2021-09-23_07-57-56
2021-04-28,1,149,all,CHFL,COVID19Cases,vaccine,limited,2021-09-23_07-57-56
2021-04-29,4,153,all,CHFL,COVID19Cases,vaccine,limited,2021-09-23_07-57-56
2021-04-30,3,156,all,CHFL,COVID19Cases,vaccine,limited,2021-09-23_07-57-56
2021-05-01,3,159,all,CHFL,COVID19Cases,vaccine,limited,2021-09-23_07-57-56
2021-05-02,2,161,all,CHFL,COVID19Cases,vaccine,limited,2021-09-23_07-57-56
2021-05-03,1,162,all,CHFL,COVID19Cases,vaccine,limited,2021-09-23_07-57-56
2021-05-04,6,168,all,CHFL,COVID19Cases,vaccine,limited,2021-09-23_07-57-56
2021-05-05,1,169,all,CHFL,COVID19Cases,vaccine,limited,2021-09-23_07-57-56
2021-05-06,2,171,all,CHFL,COVID19Cases,vaccine,limited,2021-09-23_07-57-56
2021-05-07,3,174,all,CHFL,COVID19Cases,vaccine,limited,2021-09-23_07-57-56
2021-05-08,1,175,all,CHFL,COVID19Cases,vaccine,limited,2021-09-23_07-57-56
2021-05-09,5,180,all,CHFL,COVID19Cases,vaccine,limited,2021-09-23_07-57-56
2021-05-10,3,183,all,CHFL,COVID19Cases,vaccine,limited,2021-09-23_07-57-56
2021-05-11,3,186,all,CHFL,COVID19Cases,vaccine,limited,2021-09-23_07-57-56
2021-05-12,4,190,all,CHFL,COVID19Cases,vaccine,limited,2021-09-23_07-57-56
2021-05-13,2,192,all,CHFL,COVID19Cases,vaccine,limited,2021-09-23_07-57-56
2021-05-14,5,197,all,CHFL,COVID19Cases,vaccine,limited,2021-09-23_07-57-56
2021-05-15,0,197,all,CHFL,COVID19Cases,vaccine,limited,2021-09-23_07-57-56
2021-05-16,4,201,all,CHFL,COVID19Cases,vaccine,limited,2021-09-23_07-57-56
2021-05-17,3,204,all,CHFL,COVID19Cases,vaccine,limited,2021-09-23_07-57-56
2021-05-18,6,210,all,CHFL,COVID19Cases,vaccine,limited,2021-09-23_07-57-56
2021-05-19,4,214,all,CHFL,COVID19Cases,vaccine,limited,2021-09-23_07-57-56
2021-05-20,2,216,all,CHFL,COVID19Cases,vaccine,limited,2021-09-23_07-57-56
2021-05-21,3,219,all,CHFL,COVID19Cases,vaccine,limited,2021-09-23_07-57-56
2021-05-22,2,221,all,CHFL,COVID19Cases,vaccine,limited,2021-09-23_07-57-56
2021-05-23,2,223,all,CHFL,COVID19Cases,vaccine,limited,2021-09-23_07-57-56
2021-05-24,2,225,all,CHFL,COVID19Cases,vaccine,limited,2021-09-23_07-57-56
2021-05-25,5,230,all,CHFL,COVID19Cases,vaccine,limited,2021-09-23_07-57-56
2021-05-26,7,237,all,CHFL,COVID19Cases,vaccine,limited,2021-09-23_07-57-56
2021-05-27,2,239,all,CHFL,COVID19Cases,vaccine,limited,2021-09-23_07-57-56
2021-05-28,3,242,all,CHFL,COVID19Cases,vaccine,limited,2021-09-23_07-57-56
2021-05-29,0,242,all,CHFL,COVID19Cases,vaccine,limited,2021-09-23_07-57-56
2021-05-30,3,245,all,CHFL,COVID19Cases,vaccine,limited,2021-09-23_07-57-56
2021-05-31,4,249,all,CHFL,COVID19Cases,vaccine,limited,2021-09-23_07-57-56
2021-06-01,3,252,all,CHFL,COVID19Cases,vaccine,limited,2021-09-23_07-57-56
2021-06-02,5,257,all,CHFL,COVID19Cases,vaccine,limited,2021-09-23_07-57-56
2021-06-03,0,257,all,CHFL,COVID19Cases,vaccine,limited,2021-09-23_07-57-56
2021-06-04,3,260,all,CHFL,COVID19Cases,vaccine,limited,2021-09-23_07-57-56
2021-06-05,2,262,all,CHFL,COVID19Cases,vaccine,limited,2021-09-23_07-57-56
2021-06-06,1,263,all,CHFL,COVID19Cases,vaccine,limited,2021-09-23_07-57-56
2021-06-07,3,266,all,CHFL,COVID19Cases,vaccine,limited,2021-09-23_07-57-56
2021-06-08,3,269,all,CHFL,COVID19Cases,vaccine,limited,2021-09-23_07-57-56
2021-06-09,3,272,all,CHFL,COVID19Cases,vaccine,limited,2021-09-23_07-57-56
2021-06-10,0,272,all,CHFL,COVID19Cases,vaccine,limited,2021-09-23_07-57-56
2021-06-11,2,274,all,CHFL,COVID19Cases,vaccine,limited,2021-09-23_07-57-56
2021-06-12,1,275,all,CHFL,COVID19Cases,vaccine,limited,2021-09-23_07-57-56
2021-06-13,0,275,all,CHFL,COVID19Cases,vaccine,limited,2021-09-23_07-57-56
2021-06-14,1,276,all,CHFL,COVID19Cases,vaccine,limited,2021-09-23_07-57-56
2021-06-15,3,279,all,CHFL,COVID19Cases,vaccine,limited,2021-09-23_07-57-56
2021-06-16,1,280,all,CHFL,COVID19Cases,vaccine,limited,2021-09-23_07-57-56
2021-06-17,1,281,all,CHFL,COVID19Cases,vaccine,limited,2021-09-23_07-57-56
2021-06-18,2,283,all,CHFL,COVID19Cases,vaccine,limited,2021-09-23_07-57-56
2021-06-19,0,283,all,CHFL,COVID19Cases,vaccine,limited,2021-09-23_07-57-56
2021-06-20,0,283,all,CHFL,COVID19Cases,vaccine,limited,2021-09-23_07-57-56
2021-06-21,0,283,all,CHFL,COVID19Cases,vaccine,limited,2021-09-23_07-57-56
2021-06-22,1,284,all,CHFL,COVID19Cases,vaccine,limited,2021-09-23_07-57-56
2021-06-23,1,285,all,CHFL,COVID19Cases,vaccine,limited,2021-09-23_07-57-56
2021-06-24,1,286,all,CHFL,COVID19Cases,vaccine,limited,2021-09-23_07-57-56
2021-06-25,1,287,all,CHFL,COVID19Cases,vaccine,limited,2021-09-23_07-57-56
2021-06-26,0,287,all,CHFL,COVID19Cases,vaccine,limited,2021-09-23_07-57-56
2021-06-27,1,288,all,CHFL,COVID19Cases,vaccine,limited,2021-09-23_07-57-56
2021-06-28,0,288,all,CHFL,COVID19Cases,vaccine,limited,2021-09-23_07-57-56
2021-06-29,0,288,all,CHFL,COVID19Cases,vaccine,limited,2021-09-23_07-57-56
2021-06-30,1,289,all,CHFL,COVID19Cases,vaccine,limited,2021-09-23_07-57-56
2021-07-01,0,289,all,CHFL,COVID19Cases,vaccine,limited,2021-09-23_07-57-56
2021-07-02,0,289,all,CHFL,COVID19Cases,vaccine,limited,2021-09-23_07-57-56
2021-07-03,1,290,all,CHFL,COVID19Cases,vaccine,limited,2021-09-23_07-57-56
2021-07-04,1,291,all,CHFL,COVID19Cases,vaccine,limited,2021-09-23_07-57-56
2021-07-05,8,299,all,CHFL,COVID19Cases,vaccine,limited,2021-09-23_07-57-56
2021-07-06,3,302,all,CHFL,COVID19Cases,vaccine,limited,2021-09-23_07-57-56
2021-07-07,2,304,all,CHFL,COVID19Cases,vaccine,limited,2021-09-23_07-57-56
2021-07-08,4,308,all,CHFL,COVID19Cases,vaccine,limited,2021-09-23_07-57-56
2021-07-09,4,312,all,CHFL,COVID19Cases,vaccine,limited,2021-09-23_07-57-56
2021-07-10,2,314,all,CHFL,COVID19Cases,vaccine,limited,2021-09-23_07-57-56
2021-07-11,1,315,all,CHFL,COVID19Cases,vaccine,limited,2021-09-23_07-57-56
2021-07-12,3,318,all,CHFL,COVID19Cases,vaccine,limited,2021-09-23_07-57-56
2021-07-13,13,331,all,CHFL,COVID19Cases,vaccine,limited,2021-09-23_07-57-56
2021-07-14,6,337,all,CHFL,COVID19Cases,vaccine,limited,2021-09-23_07-57-56
2021-07-15,5,342,all,CHFL,COVID19Cases,vaccine,limited,2021-09-23_07-57-56
2021-07-16,8,350,all,CHFL,COVID19Cases,vaccine,limited,2021-09-23_07-57-56
2021-07-17,3,353,all,CHFL,COVID19Cases,vaccine,limited,2021-09-23_07-57-56
2021-07-18,4,357,all,CHFL,COVID19Cases,vaccine,limited,2021-09-23_07-57-56
2021-07-19,8,365,all,CHFL,COVID19Cases,vaccine,limited,2021-09-23_07-57-56
2021-07-20,13,378,all,CHFL,COVID19Cases,vaccine,limited,2021-09-23_07-57-56
2021-07-21,14,392,all,CHFL,COVID19Cases,vaccine,limited,2021-09-23_07-57-56
2021-07-22,10,402,all,CHFL,COVID19Cases,vaccine,limited,2021-09-23_07-57-56
2021-07-23,6,408,all,CHFL,COVID19Cases,vaccine,limited,2021-09-23_07-57-56
2021-07-24,12,420,all,CHFL,COVID19Cases,vaccine,limited,2021-09-23_07-57-56
2021-07-25,9,429,all,CHFL,COVID19Cases,vaccine,limited,2021-09-23_07-57-56
2021-07-26,17,446,all,CHFL,COVID19Cases,vaccine,limited,2021-09-23_07-57-56
2021-07-27,13,459,all,CHFL,COVID19Cases,vaccine,limited,2021-09-23_07-57-56
2021-07-28,11,470,all,CHFL,COVID19Cases,vaccine,limited,2021-09-23_07-57-56
2021-07-29,14,484,all,CHFL,COVID19Cases,vaccine,limited,2021-09-23_07-57-56
2021-07-30,19,503,all,CHFL,COVID19Cases,vaccine,limited,2021-09-23_07-57-56
2021-07-31,15,518,all,CHFL,COVID19Cases,vaccine,limited,2021-09-23_07-57-56
2021-08-01,9,527,all,CHFL,COVID19Cases,vaccine,limited,2021-09-23_07-57-56
2021-08-02,22,549,all,CHFL,COVID19Cases,vaccine,limited,2021-09-23_07-57-56
2021-08-03,24,573,all,CHFL,COVID19Cases,vaccine,limited,2021-09-23_07-57-56
2021-08-04,16,589,all,CHFL,COVID19Cases,vaccine,limited,2021-09-23_07-57-56
2021-08-05,27,616,all,CHFL,COVID19Cases,vaccine,limited,2021-09-23_07-57-56
2021-08-06,20,636,all,CHFL,COVID19Cases,vaccine,limited,2021-09-23_07-57-56
2021-08-07,23,659,all,CHFL,COVID19Cases,vaccine,limited,2021-09-23_07-57-56
2021-08-08,19,678,all,CHFL,COVID19Cases,vaccine,limited,2021-09-23_07-57-56
2021-08-09,33,711,all,CHFL,COVID19Cases,vaccine,limited,2021-09-23_07-57-56
2021-08-10,32,743,all,CHFL,COVID19Cases,vaccine,limited,2021-09-23_07-57-56
2021-08-11,43,786,all,CHFL,COVID19Cases,vaccine,limited,2021-09-23_07-57-56
2021-08-12,36,822,all,CHFL,COVID19Cases,vaccine,limited,2021-09-23_07-57-56
2021-08-13,35,857,all,CHFL,COVID19Cases,vaccine,limited,2021-09-23_07-57-56
2021-08-14,37,894,all,CHFL,COVID19Cases,vaccine,limited,2021-09-23_07-57-56
2021-08-15,27,921,all,CHFL,COVID19Cases,vaccine,limited,2021-09-23_07-57-56
2021-08-16,66,987,all,CHFL,COVID19Cases,vaccine,limited,2021-09-23_07-57-56
2021-08-17,42,1029,all,CHFL,COVID19Cases,vaccine,limited,2021-09-23_07-57-56
2021-08-18,47,1076,all,CHFL,COVID19Cases,vaccine,limited,2021-09-23_07-57-56
2021-08-19,48,1124,all,CHFL,COVID19Cases,vaccine,limited,2021-09-23_07-57-56
2021-08-20,31,1155,all,CHFL,COVID19Cases,vaccine,limited,2021-09-23_07-57-56
2021-08-21,24,1179,all,CHFL,COVID19Cases,vaccine,limited,2021-09-23_07-57-56
2021-08-22,37,1216,all,CHFL,COVID19Cases,vaccine,limited,2021-09-23_07-57-56
2021-08-23,54,1270,all,CHFL,COVID19Cases,vaccine,limited,2021-09-23_07-57-56
2021-08-24,45,1315,all,CHFL,COVID19Cases,vaccine,limited,2021-09-23_07-57-56
2021-08-25,38,1353,all,CHFL,COVID19Cases,vaccine,limited,2021-09-23_07-57-56
2021-08-26,37,1390,all,CHFL,COVID19Cases,vaccine,limited,2021-09-23_07-57-56
2021-08-27,29,1419,all,CHFL,COVID19Cases,vaccine,limited,2021-09-23_07-57-56
2021-08-28,28,1447,all,CHFL,COVID19Cases,vaccine,limited,2021-09-23_07-57-56
2021-08-29,26,1473,all,CHFL,COVID19Cases,vaccine,limited,2021-09-23_07-57-56
2021-08-30,39,1512,all,CHFL,COVID19Cases,vaccine,limited,2021-09-23_07-57-56
2021-08-31,45,1557,all,CHFL,COVID19Cases,vaccine,limited,2021-09-23_07-57-56
2021-09-01,36,1593,all,CHFL,COVID19Cases,vaccine,limited,2021-09-23_07-57-56
2021-09-02,28,1621,all,CHFL,COVID19Cases,vaccine,limited,2021-09-23_07-57-56
2021-09-03,36,1657,all,CHFL,COVID19Cases,vaccine,limited,2021-09-23_07-57-56
2021-09-04,16,1673,all,CHFL,COVID19Cases,vaccine,limited,2021-09-23_07-57-56
2021-09-05,21,1694,all,CHFL,COVID19Cases,vaccine,limited,2021-09-23_07-57-56
2021-09-06,51,1745,all,CHFL,COVID19Cases,vaccine,limited,2021-09-23_07-57-56
2021-09-07,45,1790,all,CHFL,COVID19Cases,vaccine,limited,2021-09-23_07-57-56
2021-09-08,19,1809,all,CHFL,COVID19Cases,vaccine,limited,2021-09-23_07-57-56
2021-09-09,32,1841,all,CHFL,COVID19Cases,vaccine,limited,2021-09-23_07-57-56
2021-09-10,31,1872,all,CHFL,COVID19Cases,vaccine,limited,2021-09-23_07-57-56
2021-09-11,13,1885,all,CHFL,COVID19Cases,vaccine,limited,2021-09-23_07-57-56
2021-09-12,23,1908,all,CHFL,COVID19Cases,vaccine,limited,2021-09-23_07-57-56
2021-09-13,38,1946,all,CHFL,COVID19Cases,vaccine,limited,2021-09-23_07-57-56
2021-09-14,21,1967,all,CHFL,COVID19Cases,vaccine,limited,2021-09-23_07-57-56
2021-09-15,17,1984,all,CHFL,COVID19Cases,vaccine,limited,2021-09-23_07-57-56
2021-09-16,24,2008,all,CHFL,COVID19Cases,vaccine,limited,2021-09-23_07-57-56
2021-09-17,19,2027,all,CHFL,COVID19Cases,vaccine,limited,2021-09-23_07-57-56
2021-09-18,9,2036,all,CHFL,COVID19Cases,vaccine,limited,2021-09-23_07-57-56
2021-09-19,15,2051,all,CHFL,COVID19Cases,vaccine,limited,2021-09-23_07-57-56
2021-09-20,13,2064,all,CHFL,COVID19Cases,vaccine,limited,2021-09-23_07-57-56
2021-09-21,13,2077,all,CHFL,COVID19Cases,vaccine,limited,2021-09-23_07-57-56
2021-09-22,1,2078,all,CHFL,COVID19Cases,vaccine,limited,2021-09-23_07-57-56